-0.0345872
-0.0497098
-0.0159157
0.0392341
-4.50808e-05
-0.0679174
0.0558499
-0.0201803
0.0395843
-0.0469472
-0.0450198
-0.0602199
0.0622547
-0.0442859
0.0573017
-0.0416889
-0.0765122
-0.0684349
-0.0166326
-0.0512876
0.0710734
-0.0752567
0.0287939
0.0201297
0.0615537
-0.0190878
0.0236083
-0.0366258
-0.0506743
-0.0670589
-0.0722145
0.0290475
0.00891055
0.0102866
-0.0554269
-0.0891172
0.0355106
-0.0885139
-0.0187809
-0.00421772
-0.0192857
-0.00578983
0.0171469
-0.0568125
0.0144184
-0.0655273
-0.0301108
0.027759
0.00900389
0.0863832
0.0490841
-0.00805139
-0.0817052
0.00473481
-0.097152
0.0983757
0.045659
-0.00406621
-0.0355132
-0.0708601
0.0418891
-0.0133178
0.0234187
-0.0623605
-0.0528758
-0.0571728
-0.00731219
0.0669094
-0.097663
0.0293416
-0.0405167
-0.00952125
-0.0733208
0.0210601
0.0321203
0.0309714
-0.0829742
0.0819983
-0.000594856
0.0107651
0.0468421
-0.0504781
-0.0995234
0.0866568
0.0474422
-0.0878121
0.0819302
0.0188808
0.0358876
-0.0361893
0.0455755
-0.025555
0.038793
-0.00437294
0.0197736
0.0435896
0.00234207
-0.0611454
-0.00118507
-0.00964759
